0
1
3413
2
3396
3422
2
3102
3104
6
8673
8676
8705
8734
8752
8947
1
8765
1
8979
0
2
8633
8634
0
2
4225
4230
2
4212
4231
2
4424
4436
3
4244
4245
4246
0
1
3413
2
3396
3422
2
3102
3104
6
8673
8676
8705
8734
8752
8947
1
8765
1
8979
0
2
8633
8634
0
2
4225
4230
2
4212
4231
2
4424
4436
3
4244
4245
4246
0
1
3413
2
3396
3422
2
3102
3104
6
8673
8676
8705
8734
8752
8947
1
8765
1
8979
0
2
8633
8634
0
2
4225
4230
2
4212
4231
2
4424
4436
3
4244
4245
4246
0
1
3413
2
3396
3422
2
3102
3104
6
8673
8676
8705
8734
8752
8947
1
8765
1
8979
0
2
8633
8634
0
2
4225
4230
2
4212
4231
2
4424
4436
3
4244
4245
4246
0
1
3413
2
3396
3422
2
3102
3104
6
8673
8676
8705
8734
8752
8947
1
8765
1
8979
0
2
8633
8634
0
2
4225
4230
2
4212
4231
2
4424
4436
3
4244
4245
4246
0
1
3413
2
3396
3422
2
3102
3104
6
8673
8676
8705
8734
8752
8947
1
8765
1
8979
0
2
8633
8634
0
2
4225
4230
2
4212
4231
2
4424
4436
3
4244
4245
4246
0
1
3413
2
3396
3422
2
3102
3104
6
8673
8676
8705
8734
8752
8947
1
8765
1
8979
0
2
8633
8634
0
2
4225
4230
2
4212
4231
2
4424
4436
3
4244
4245
4246
0
1
3413
2
3396
3422
2
3102
3104
6
8673
8676
8705
8734
8752
8947
1
8765
1
8979
0
2
8633
8634
0
2
4225
4230
2
4212
4231
2
4424
4436
3
4244
4245
4246
0
1
3413
2
3396
3422
2
3102
3104
6
8673
8676
8705
8734
8752
8947
1
8765
1
8979
0
2
8633
8634
0
2
4225
4230
2
4212
4231
2
4424
4436
3
4244
4245
4246
0
1
3413
2
3396
3422
2
3102
3104
6
8673
8676
8705
8734
8752
8947
1
8765
1
8979
0
2
8633
8634
0
2
4225
4230
2
4212
4231
2
4424
4436
3
4244
4245
4246
0
1
3413
2
3396
3422
2
3102
3104
6
8673
8676
8705
8734
8752
8947
1
8765
1
8979
0
2
8633
8634
0
2
4225
4230
2
4212
4231
2
4424
4436
3
4244
4245
4246
0
1
3413
2
3396
3422
2
3102
3104
6
8673
8676
8705
8734
8752
8947
1
8765
1
8979
0
2
8633
8634
0
2
4225
4230
2
4212
4231
2
4424
4436
3
4244
4245
4246
0
1
3413
2
3396
3422
2
3102
3104
6
8673
8676
8705
8734
8752
8947
1
8765
1
8979
0
2
8633
8634
0
2
4225
4230
2
4212
4231
2
4424
4436
3
4244
4245
4246
0
1
3413
2
3396
3422
2
3102
3104
6
8673
8676
8705
8734
8752
8947
1
8765
1
8979
0
2
8633
8634
0
2
4225
4230
2
4212
4231
2
4424
4436
3
4244
4245
4246
0
1
3413
2
3396
3422
2
3102
3104
6
8673
8676
8705
8734
8752
8947
1
8765
1
8979
0
2
8633
8634
0
2
4225
4230
2
4212
4231
2
4424
4436
3
4244
4245
4246
0
1
3413
2
3396
3422
2
3102
3104
6
8673
8676
8705
8734
8752
8947
1
8765
1
8979
0
2
8633
8634
0
2
4225
4230
2
4212
4231
2
4424
4436
3
4244
4245
4246
0
1
3413
2
3396
3422
2
3102
3104
6
8673
8676
8705
8734
8752
8947
1
8765
1
8979
0
2
8633
8634
0
2
4225
4230
2
4212
4231
2
4424
4436
3
4244
4245
4246
0
1
3413
2
3396
3422
2
3102
3104
6
8673
8676
8705
8734
8752
8947
1
8765
1
8979
0
2
8633
8634
0
2
4225
4230
2
4212
4231
2
4424
4436
3
4244
4245
4246
0
1
3413
2
3396
3422
2
3102
3104
6
8673
8676
8705
8734
8752
8947
1
8765
1
8979
0
2
8633
8634
0
2
4225
4230
2
4212
4231
2
4424
4436
3
4244
4245
4246
0
1
3413
2
3396
3422
2
3102
3104
6
8673
8676
8705
8734
8752
8947
1
8765
1
8979
0
2
8633
8634
0
2
4225
4230
2
4212
4231
2
4424
4436
3
4244
4245
4246
0
1
3413
2
3396
3422
2
3102
3104
6
8673
8676
8705
8734
8752
8947
1
8765
1
8979
0
2
8633
8634
0
2
4225
4230
2
4212
4231
2
4424
4436
3
4244
4245
4246
0
1
3413
2
3396
3422
2
3102
3104
6
8673
8676
8705
8734
8752
8947
1
8765
1
8979
0
2
8633
8634
0
2
4225
4230
2
4212
4231
2
4424
4436
3
4244
4245
4246
0
1
3413
2
3396
3422
2
3102
3104
6
8673
8676
8705
8734
8752
8947
1
8765
1
8979
0
2
8633
8634
0
2
4225
4230
2
4212
4231
2
4424
4436
3
4244
4245
4246
0
1
3413
2
3396
3422
2
3102
3104
6
8673
8676
8705
8734
8752
8947
1
8765
1
8979
0
2
8633
8634
0
2
4225
4230
2
4212
4231
2
4424
4436
3
4244
4245
4246
0
1
3413
2
3396
3422
2
3102
3104
6
8673
8676
8705
8734
8752
8947
1
8765
1
8979
0
2
8633
8634
0
2
4225
4230
2
4212
4231
2
4424
4436
3
4244
4245
4246
0
1
3413
2
3396
3422
2
3102
3104
6
8673
8676
8705
8734
8752
8947
1
8765
1
8979
0
2
8633
8634
0
2
4225
4230
2
4212
4231
2
4424
4436
3
4244
4245
4246
0
1
3413
2
3396
3422
2
3102
3104
6
8673
8676
8705
8734
8752
8947
1
8765
1
8979
0
2
8633
8634
0
2
4225
4230
2
4212
4231
2
4424
4436
3
4244
4245
4246
0
1
3413
2
3396
3422
2
3102
3104
6
8673
8676
8705
8734
8752
8947
1
8765
1
8979
0
2
8633
8634
0
2
4225
4230
2
4212
4231
2
4424
4436
3
4244
4245
4246
0
1
3413
2
3396
3422
2
3102
3104
6
8673
8676
8705
8734
8752
8947
1
8765
1
8979
0
2
8633
8634
0
2
4225
4230
2
4212
4231
2
4424
4436
3
4244
4245
4246
0
1
3413
2
3396
3422
2
3102
3104
6
8673
8676
8705
8734
8752
8947
1
8765
1
8979
0
2
8633
8634
0
2
4225
4230
2
4212
4231
2
4424
4436
3
4244
4245
4246
0
1
3413
2
3396
3422
2
3102
3104
6
8673
8676
8705
8734
8752
8947
1
8765
1
8979
0
2
8633
8634
0
2
4225
4230
2
4212
4231
2
4424
4436
3
4244
4245
4246
0
1
3413
2
3396
3422
2
3102
3104
6
8673
8676
8705
8734
8752
8947
1
8765
1
8979
0
2
8633
8634
0
2
4225
4230
2
4212
4231
2
4424
4436
3
4244
4245
4246
0
1
3413
2
3396
3422
2
3102
3104
6
8673
8676
8705
8734
8752
8947
1
8765
1
8979
0
2
8633
8634
0
2
4225
4230
2
4212
4231
2
4424
4436
3
4244
4245
4246
0
1
3413
2
3396
3422
2
3102
3104
6
8673
8676
8705
8734
8752
8947
1
8765
1
8979
0
2
8633
8634
0
2
4225
4230
2
4212
4231
2
4424
4436
3
4244
4245
4246
0
1
3413
2
3396
3422
2
3102
3104
6
8673
8676
8705
8734
8752
8947
1
8765
1
8979
0
2
8633
8634
0
2
4225
4230
2
4212
4231
2
4424
4436
3
4244
4245
4246
0
1
3413
2
3396
3422
2
3102
3104
6
8673
8676
8705
8734
8752
8947
1
8765
1
8979
0
2
8633
8634
0
2
4225
4230
2
4212
4231
2
4424
4436
3
4244
4245
4246
